-1.51808 0.578743 3.40376 8 6 7 5
-1.52122 -0.15666 3.53441 8 6 7 5
-1.50965 -0.0713286 3.52821 8 6 5
-1.50791 -0.0807705 3.52759 8 6 5 2
-1.50105 -0.0997867 3.53813 8 6 5
-1.45208 0.0954232 3.48414 8 6 5 2 1
-1.4516 0.0454951 3.4925 8 6 7 5 2
-1.41525 0.407469 3.41474 8 6 7 2 1
-1.4667 -0.23398 3.58426 8 6 5
-1.42108 0.0219326 3.49229 8 6 7 5 2 1
-1.38422 0.415156 3.41055 8 6 5 1
-1.36624 0.518025 3.39271 8 6
-1.39209 0.0933433 3.47445 8 6 7 5 2 1
-1.36524 0.268066 3.42737 8 6 7 5 2 1 0
-1.33631 0.376557 3.4287 8 6 5
-1.29874 0.389749 3.41482 8 6 7 5 2
-1.33449 -0.309162 3.53631 8 6 7 5 2 1
1.15966 0.0917336 3.02693 8 6 7 5
1.15084 0.0544207 3.03382 8 6 7 5
1.15753 -0.0516842 3.05536 8 6 7
1.14054 0.0750142 3.03315 8 6 7 5
1.10468 0.360306 2.98213 8 6 7 5
1.09552 0.211203 3.01502 8 6 7 5
1.09693 0.165908 3.02479 8 6 7 5
1.09876 0.0833287 3.03946 8 6 7 5
1.09766 0.0796437 3.03934 8 6 7
1.10067 0.0261878 3.04925 8 6 7 5
1.14515 -0.362167 3.2056 8 6 7 5
1.07732 0.0505554 3.04803 8 6 7
1.10673 -0.418525 3.25137 8 6 7 5
1.10184 -0.44774 3.26711 8 6 7 5
1.00958 0.343721 3.01755 8 6 7 5
1.00531 0.376719 3.01072 8 6 5
0.989932 0.386732 3.01196 8 6 5
-1.17273 0.468428 3.35819 8 6 7 5 2 1 0
-1.1752 0.345957 3.36995 8 6 7 5 2 2 1 1 1 0 0 0
1.00101 -0.342402 3.1282 8 6 7
0.954277 0.403063 3.00992 8 6 7 5
0.963249 0.162285 3.05363 8 6 7 5 5
0.970324 0.0559053 3.08697 8 6 7 5
0.969844 -0.00202375 3.09218 8 6 7 5
-1.17089 0.344338 3.3865 8 6 7
1.05233 -0.740708 3.44302 8 6 7 5
1.04105 -0.678387 3.43099 8 6 7
-1.1421 0.389219 3.36798 8 6 7 5 2 0
-1.16573 0.0215824 3.44426 8 6 7 5 2 1 0
1.02941 -0.642195 3.41183 8 6 7
0.926023 0.103104 3.0672 8 6 7
0.940526 -0.194469 3.12181 8 6 7 5
-1.14943 0.186772 3.41118 8 6 5 2 1
0.906857 0.0928715 3.07078 8 6 7
0.907663 0.0434636 3.07902 8 6 7 5
0.889006 0.251815 3.04106 8 6 7
-1.15244 0.00742956 3.44534 8 6 7 5 2 0
0.895191 0.105181 3.06907 8 6 7 5
-1.13343 0.256808 3.38863 8 6 7 5 2 1
0.897257 0.047023 3.08209 8 6 7
0.880748 0.158786 3.06065 8 6 7 5
0.88373 0.100788 3.07058 8 6 7 5
0.882005 0.125815 3.066 8 6 5
0.872107 0.154465 3.06224 8 6 7
0.853219 0.360762 3.02298 8 6 7 5
-1.25574 -0.616655 3.80558 8 6 7 5
-1.25202 -0.646557 3.80849 8 6 7 5 3 2
-1.25028 -0.63262 3.80767 8 6 5 3 2
0.866454 0.0119924 3.08978 8 6 7 5
0.855524 -0.00958536 3.09865 8 6 7
0.835288 0.17847 3.0609 8 6 5
0.822646 0.302934 3.04027 8 6
-1.2348 -0.622993 3.81 8 6 7 5 3 2
-1.11899 -0.0856113 3.45368 8 6 7 5 2 1
-1.22999 -0.666203 3.81512 8 6 7 2
0.816116 0.247086 3.05294 8 6 7
-1.2345 -0.757987 3.84117 8 6 5 3
0.826491 0.050498 3.08896 8 6 7 5
-1.23258 -0.723692 3.83671 8 6 7 5
0.818126 0.143219 3.07125 8 6 7 5
-1.22415 -0.660124 3.8301 8 6 7 5
0.934724 -0.600967 3.90995 8 6
0.747468 -0.262827 3.62513 8 6 7 5
-1.01493 0.659657 3.73834 8 6 7 5
-1.11815 -0.660302 4.23091 8 6 7 3
-1.00109 0.313189 3.81394 8 6 7 5
0.693034 -0.330033 3.79767 8 6 5
0.742879 -0.662317 4.0781 8 6 7
0.691935 -0.30024 3.80206 8 6 5 0
0.739574 -0.729539 4.09333 8 6 7 5
0.735548 -0.657711 4.07695 8 6
0.735224 -0.653024 4.0776 8 6 7
0.731729 -0.647787 4.07243 8 6 7 5
0.644568 -0.302315 3.80339 8 6 7 5
0.644599 -0.311618 3.80495 8 6 7 5
0.590613 -0.108462 3.63554 8 6 7 5
-0.974482 0.0481467 3.86498 8 6 5
0.557319 -0.226864 3.65576 8 6 7 5
0.604382 -0.559022 4.04544 8 6 7 5
0.585715 -0.581216 4.07225 8 6 7 5
0.526053 -0.26195 3.67564 8 6 7 5 0
0.521499 -0.258241 3.66681 8 6 7 5
0.517995 -0.261976 3.67028 8 6
0.510375 -0.0611067 3.6158 8 6 7
0.510323 -0.0611923 3.61649 8 6 7
0.518163 -0.253925 3.6704 8 6 7 5
0.504013 -0.0570892 3.62128 8 6 7 5 0
0.492933 -0.0582287 3.61395 8 6 7 5
0.461369 -0.0576677 3.62113 8 6 7 5
0.464311 -0.126653 3.66094 8 6 7 5
0.456856 -0.152831 3.67133 8 6
0.507556 -0.587033 4.09143 8 6 7 5
0.490859 -0.562642 4.07471 8 6 7 5 1 0
0.489956 -0.582251 4.09267 8 6 7 5
0.484742 -0.560552 4.07291 8 6 7 5
-0.925962 -0.224201 3.90948 8 6 3 2
0.43261 -0.28469 3.83199 8 6 7 5
0.37769 0.0405526 3.63691 8 6 5
0.374933 0.116349 3.61997 8 6 5
0.397652 -0.294048 3.8475 8 6 7 5
0.361382 0.00945529 3.63077 8 6 7
0.389004 -0.563738 4.09334 8 6 7 5 1
-0.967043 -0.51119 4.22023 8 6 7 5 2
0.341255 -0.136617 3.69146 8 6 7 5
-0.965369 -0.542875 4.22703 8 6 7 5 2
-0.964528 -0.55258 4.22987 8 6 5 2
-0.881072 -0.247967 3.90218 8 6 7 5 2 1
0.304547 -0.0525206 3.58277 8 6 7 5
-0.8755 -0.24816 3.90439 8 6 5 3 2 1
0.294597 -0.0556873 3.64924 8 6 7 5
0.316992 -0.589562 4.12832 8 6 5
0.290892 -0.591183 4.13793 8 6
0.278819 -0.56247 4.11188 8 6 7 5
0.242193 -0.232 3.70479 8 6 5
0.267562 -0.564154 4.11725 8 6 7 5 2
0.220784 -0.4503 4.01675 8 6 5 1
0.204538 -0.621874 4.06148 8 6 5 1
0.205058 -0.66154 4.07017 8 6 7 5 2 1
0.205066 -0.652331 4.06869 8 6 7 2 1
0.202176 -0.46786 4.02985 8 6 7 5
0.190004 -0.724409 4.08294 8 6
0.141925 -0.65638 4.14131 8 6 7 5
-0.794554 -0.00866653 3.84779 8 6 7 5 3 2
0.0545648 -0.57988 4.05439 8 6 7 5 2 1
0.0494493 -0.831646 4.23166 8 6 7 5
0.0265849 0.642171 3.34582 8 6 7
0.0312265 -0.768175 4.34503 8 6
-0.724068 -0.137789 3.86679 8 6 7 5
-0.755589 -0.332382 4.04519 8 6 7 1
0.0267091 -0.946205 4.28266 8 6 7 5 2 2
0.0250572 -1.03515 4.29922 8 6 5 2 1
0.0221602 -0.961658 4.28295 8 6 7 5 5 1
0.0180567 -0.145602 3.64243 8 6 7 5 3 0
0.0202856 -0.859128 4.25286 8 6 7 5 2 1
0.0186312 -0.703554 4.23762 8 6 7 5
0.0195285 -0.996806 4.29417 8 6
0.0194921 -0.976248 4.28658 8 6 7 5 2 1 0
0.0151867 -0.988472 4.29123 8 6 5 2
0.0141554 -0.968257 4.28722 8 6 7 5 2 1
0.00282204 -0.174836 3.65247 8 6 7 3
-0.016096 -0.607393 4.09167 8 6 7 5 2 1
-0.66833 -0.22738 3.86649 8 6 7 5 2
-0.743102 -0.614043 4.31665 8 6 7 5
-0.737454 -0.618321 4.31656 8 6 2 1
-0.0586762 0.0650577 3.61956 8 6 7 5 3 0
-0.73362 -0.654528 4.33361 8 6 5
-0.730903 -0.667592 4.33487 8 6
-0.0640897 0.25035 3.58942 8 6 7 5 3
-0.728888 -0.688263 4.33823 8 6 5 2
-0.647482 -0.259761 3.86893 8 6 7 5 3 2 0
-0.722721 -0.662654 4.32972 8 6 5 2 1
-0.723407 -0.686281 4.33851 8 6 7 5 1
-0.72017 -0.703341 4.33889 8 6 7 2 1
-0.0822898 -0.581321 4.07591 8 6 7 5 2 1 0
-0.0749824 0.584002 3.52368 8 6 7
-0.0832882 0.454221 3.55914 8 6 7 5 3 0
-0.704835 -0.628699 4.33737 8 6 7 5
-0.111149 0.631546 3.52786 8 6
-0.577464 0.392317 3.731 8 6 7 5 3 2 1 0
-0.110555 0.701476 3.12527 8 6 7
-0.126269 0.620715 3.53059 8 6 7
-0.129557 -0.249322 3.6835 8 6 7 5
-0.128807 0.580612 3.54178 8 6 7 5 0
-0.13012 0.57645 3.54356 8 6 7 5 0
-0.648003 -0.582751 4.28066 8 6 7 5 2 1
-0.137704 0.594398 3.5365 8 6 7
-0.139132 0.605796 3.54185 8 6 7 5 0
-0.572745 0.144187 3.78018 8 6 7 5 3 1 0
-0.570906 0.147567 3.77726 8 6 7 3 2 1 0
-0.143757 0.610342 3.53477 8 6 7 5
-0.146117 0.621286 3.5372 8 6 5 0
-0.570362 0.0932469 3.78948 8 6 5 3 2 1 0
-0.564792 0.263917 3.75551 8 6 7 3
-0.1511 0.625191 3.53344 8 6 7 5
-0.153445 0.568861 3.54581 8 6 7
-0.153581 0.577218 3.54371 8 6 7
-0.148619 0.691346 3.27715 8 6 7 3
-0.171706 -0.162444 3.67815 8 6 5 3 2 1
-0.183594 -0.123862 3.67247 8 6 7 2
-0.215775 -0.651051 4.13574 8 6 7 5 2 0
-0.216506 -0.618988 4.12925 8 6 5 1
-0.220937 -0.662495 4.14032 8 6 7 5 2 1
-0.221252 -0.65177 4.13789 8 6 7 5 1
-0.222268 -0.620248 4.1308 8 6 7 5 2 1 0
-0.228965 -0.605296 4.12989 8 6 7 5
-0.238201 -0.675461 4.14498 8 6
-0.247121 -0.462767 4.1031 8 6 7 5
-0.509281 -0.0868449 3.78509 8 6 3
-0.494401 0.357304 3.70864 8 6 3
-0.497559 0.00494243 3.78384 8 6 5 3 1
-0.251338 -0.0831885 3.64429 8 6 7 5 5 3 3 2 1 1 0
-0.262462 -0.0748925 3.64781 8 6 7 5 3 2 1
-0.331912 -0.587615 4.23757 8 6 7 5 2 1
-0.301161 -0.0780529 3.65106 8 6 7
-0.285893 0.646098 3.3999 8 6 7 5
-0.441523 -0.586377 4.25325 8 6 7 5 2 1 0
-0.474461 -0.584903 4.25663 8 6 5 2 1 0
0.916954 0.161702 3.05199 8 6 7 5
-1.31137 0.562074 3.38737 8 6 5
0.397363 -0.0723043 3.62911 8 6 7
-1.38235 0.112724 3.46949 8 6 2
1.15976 0.0832981 3.02686 8 6 7 5
1.15318 0.0293197 3.04424 8 6 7
-0.75567 0.24727 3.78885 8 6 7 5 3
1.09915 0.07566 3.04319 8 6 7
0.634011 0.409539 3.51369 8 6 7
0.65091 0.0238681 3.59559 8 6 7 5
0.689873 -0.286792 3.78261 8 6 7 5
0.966131 -0.315555 3.12726 8 6 7 5
0.687011 -0.104787 3.61412 8 6 7 5
1.07605 0.0439573 3.05008 8 6 7 5
-1.43863 0.607049 3.36857 8 6 7 5
-1.45542 0.570969 3.39622 8 6 5 0
-1.20684 0.256674 3.40925 8 6 7 5 2 1 0
-1.16938 0.321406 3.38491 8 6 7 5
-0.155385 0.601652 3.54232 8 6
0.834864 0.0754774 3.08191 8 6 5
-0.52611 0.147589 3.77126 8 6 7 5 2
-0.524478 0.0930346 3.78333 8 6 7 5 3 2
0.811655 0.190697 3.05988 8 6 7 5
-0.994795 0.0152966 3.86615 8 6 7 5
0.827952 0.000973325 3.09717 8 6 7 5
0.823117 0.00825499 3.09524 8 6
1.12348 -0.0140717 3.05501 8 6 7
0.316304 0.0851509 3.6501 8 6 7
-1.14591 0.56888 3.33178 8 6 7 5 2 1
1.13679 -0.353927 3.20086 8 6 5
0.894432 0.0321203 3.08305 8 6 7
0.904917 0.142317 3.0601 8 6 7
-1.19709 0.56447 3.34751 8 6 7 5 1
0.888974 0.392076 3.01201 8 6 7 5
-1.21271 0.28556 3.40496 8 6 7 5 2 1
-0.548235 0.181849 3.76398 8 6 7
-1.19219 0.0247745 3.44938 8 6 7 5
-1.32144 0.337685 3.43304 8 6 7
-0.550408 0.266492 3.75288 8 6 7 1
-0.845142 0.422623 3.76334 8 6 7
0.730004 0.406536 3.49062 8 6 7 5
-1.46751 0.11886 3.48103 8 6 5
-1.14279 0.345427 3.37639 8 6 7 5 1
-1.42006 0.611921 3.36481 7 6 5 0
-1.38378 0.159503 3.4562 7 6 5 1
-1.38246 0.152789 3.46065 7 6 5 1 0
-1.31279 0.411779 3.3867 7 6
-1.34855 -0.186209 3.48902 7 6 5
-1.27192 0.66251 3.32922 7 6
1.19656 -0.0890178 3.02147 7 6 5
1.10047 0.289954 2.96957 7 6 5
1.09373 0.158886 2.99513 7 6 5
-1.23618 0.516307 3.36144 7 6 5 1 0
-1.23643 0.467449 3.37309 7 6 5 0
1.08984 0.0581502 3.02201 7 6 5
1.09013 0.0422358 3.02401 7 6 5
1.08922 0.0341708 3.02426 7 6 5
1.06355 -0.192808 3.08626 7 6 5
1.04962 -0.228106 3.1029 7 6 5
0.994415 0.486166 2.97101 7 6 5
0.99051 0.531547 2.95884 7 6 5
1.10084 -0.4789 3.28461 7 6 5
-1.20231 0.389411 3.37789 7 6 5 2
1.01656 -0.00227007 3.07076 7 6 5
-1.31454 -0.494938 3.71631 7 6 5 2
0.975881 0.374394 2.99872 7 6 5
-1.21004 0.00743084 3.45291 7 6 5 2
-1.21034 -0.0296823 3.45989 7 6 5 2 1 0
-1.18966 -0.0836564 3.42971 7 6
1.04615 -0.551035 3.34486 7 6 5
1.05403 -0.676855 3.41273 7 6
1.04727 -0.683241 3.41953 7 6 5
1.05104 -0.746885 3.43233 7 6 5
-1.16752 0.122771 3.4234 7 6 5 2 1 0
1.01989 -0.551634 3.3522 7 6 5
1.03413 -0.634793 3.40436 7 6
1.04133 -0.707641 3.43079 7 6 5
1.03903 -0.682127 3.42389 7 6 5
0.949402 -0.315838 3.12845 7 6 5
0.894714 0.569395 2.96135 7 6 5
0.944847 -0.231591 3.12261 7 6 5
-1.16176 -0.0261452 3.44907 7 6 5 2 1
0.898474 -0.0667808 3.09767 7 6 5
0.858896 0.331321 3.00796 7 6
-1.13621 0.0411831 3.43319 7 6 2 0
-1.25119 -0.606518 3.78369 7 6 5 2
0.866903 -0.092226 3.11561 7 6
0.846146 -0.0714413 3.10863 7 6 5
-1.12315 -0.0903458 3.45239 7 6 5 2 1 0
-1.20706 -0.675819 3.72995 7 6
0.824233 0.168672 3.0657 7 6 5
-1.19675 -0.744229 3.74246 7 6
-1.06204 -0.203009 3.53991 7 6 5
0.801849 -0.102679 3.58905 7 6 5
0.7953 -0.230445 3.63028 7 6 5 0
-1.16074 -0.601532 4.20328 7 6 5 3
-1.15004 -0.613368 4.20563 7 6 5 3
-1.14794 -0.602884 4.20745 7 6 5 3
-1.0114 -0.254324 3.74525 7 6 5
0.763647 -0.505475 3.9684 7 6 5
0.695295 -0.132542 3.62278 7 6 5
0.676782 0.00127024 3.58605 7 6 5
0.749092 -0.614732 4.05569 7 6 5
0.74703 -0.608908 4.05245 7 6 5
0.751016 -0.669487 4.07469 7 6
0.673665 -0.12686 3.65944 7 6
-1.00151 0.152034 3.8175 7 6
0.744147 -0.703756 4.08527 7 6 5
0.739834 -0.680981 4.08461 7 6 5
0.737344 -0.666165 4.07232 7 6 5
0.733888 -0.609875 4.0511 7 6 5
0.737326 -0.720659 4.08746 7 6 5
0.732314 -0.616753 4.06379 7 6 5
-0.998311 -0.0393896 3.86379 7 6 5
0.718793 -0.558248 4.02511 7 6 5
0.672333 -0.339045 3.81458 7 6 5
0.663114 -0.338372 3.81553 7 6 5 0
-0.993169 -0.0315788 3.86322 7 6 5
0.656688 -0.291955 3.8059 7 6 5
0.606563 -0.105482 3.64912 7 6 5
-0.977237 -0.00388668 3.86113 7 6 5 3 2
0.586624 -0.106299 3.66695 7 6
0.576285 -0.135519 3.65932 7 6 5
0.561703 0.0643273 3.61902 7 6 5
0.533565 -0.241499 3.72873 7 6 5
0.486387 -0.056661 3.63765 7 6 5
0.474498 -0.168204 3.71531 7 6
-0.920291 -0.12751 3.88593 7 6
0.471359 -0.589912 4.11592 7 6 5
-0.988241 -0.662319 4.23413 7 6 5
0.437092 -0.588954 4.11857 7 6 5
0.355491 0.00883721 3.65795 7 6 5
0.398502 -0.590653 4.13061 7 6 5
0.353505 0.00196805 3.66511 7 6 5
0.396019 -0.595065 4.13334 7 6 5
0.353969 -0.114448 3.70814 7 6 5
0.385369 -0.56419 4.11048 7 6 5
-0.963153 -0.585614 4.2299 7 6 5 2 1 1
0.363428 -0.590947 4.13741 7 6 5
-0.880522 -0.242827 3.89651 7 6 5
0.327326 -0.590928 4.1311 7 6 5 5 1
0.323511 -0.585666 4.12747 7 6 5 0
0.302971 -0.588402 4.15348 7 6 5
0.247547 -0.297899 3.90023 7 6 5
0.209901 -0.342717 3.9168 7 6 5
-0.834 -0.22486 3.88756 7 6 5 3 2 1
0.214012 -0.751375 4.12831 7 6 5
-0.823225 0.00670202 3.83659 7 6 5 3
0.163632 -0.566169 4.15136 7 6 5
-0.779556 0.242127 3.79906 7 6 5
-0.765983 -0.0893591 3.834 7 6 5
0.058185 -0.618718 4.12336 7 6
0.0578865 -0.866703 4.2603 7 6 5
0.0501611 -0.581303 4.05547 7 6 5 0
0.0357686 -0.835014 4.2226 7 6 5 2
0.0217055 -1.04037 4.30061 7 6 5 2 1 0
0.0103853 -0.15971 3.67824 7 6 5
-0.705658 -0.227112 3.87447 7 6 5 3 2
-0.00362961 -0.72795 4.20535 7 6 5
-0.02195 -0.821699 4.23327 7 6 5 2 1
-0.0292742 -0.846775 4.25781 7 6 5
-0.747278 -0.596054 4.30626 7 6 5
-0.0524008 -0.340133 3.68807 7 6 5 3 2
-0.654641 -0.259683 3.87063 7 6 5 3 2 0
-0.7197 -0.596307 4.27418 7 6
-0.0710334 -0.595704 4.08939 7 6 5 2 1 0
-0.0768503 -0.579609 4.07638 7 6 5 2 1 0
-0.720432 -0.730739 4.34348 7 6 2 1
-0.0722355 0.604501 3.58506 7 6
-0.709138 -0.650498 4.30419 7 6
-0.0827312 -0.385939 3.69895 7 6 5 3 2 0
-0.0839747 0.450418 3.56194 7 6 5 0
-0.0967464 -0.60129 4.12633 7 6
-0.0884307 -0.364427 3.75388 7 6
-0.688266 -0.597813 4.28803 7 6 5
-0.10546 0.439829 3.56659 7 6 5 0
-0.670282 -0.581337 4.28249 7 6 5 2 1
-0.108059 0.45524 3.59222 7 6 5
-0.121863 0.356802 3.6028 7 6
-0.119832 -0.297027 3.69834 7 6 5 3 2
-0.126308 0.635042 3.61499 7 6 5
-0.137904 0.626324 3.58943 7 6
-0.148428 0.623831 3.56697 7 6 5
-0.159483 -0.185567 3.68164 7 6 5 0
-0.570928 -0.100394 3.84972 7 6 5
-0.164797 -0.164996 3.73964 7 6
-0.16372 -0.185226 3.68323 7 6 5 3 2 0
-0.612949 -0.558799 4.25581 7 6 5
-0.228107 -0.618615 4.13244 7 6 5 2 1 0
-0.227918 -0.476411 4.10296 7 6 5 2 1 0
-0.242161 -0.47221 4.11145 7 6 5 2
-0.217499 -0.117955 3.68103 7 6 5 3 2
-0.21887 0.634186 3.51047 7 6
-0.278721 -0.562178 4.20299 7 6 5 2 1 0
-0.518789 -0.33366 4.01083 7 6 5 3 2 1 0
-0.299619 -0.588906 4.23473 7 6 5 2
-0.3133 -0.5855 4.23959 7 6
-0.320269 -0.586059 4.23154 7 6 5 2 1 0
-0.305127 -0.118836 3.74051 7 6
-0.475577 -0.293404 3.99524 7 6 5 3 2 1 0
-0.496995 -0.559425 4.23617 7 6 5 2 1 0
-0.379861 -0.591174 4.24783 7 6 2 1 0
-0.489594 -0.590545 4.26458 7 6 5 2
-0.466173 -0.555946 4.23263 7 6 5
0.33715 0.290027 3.6351 7 6
0.205269 -0.612616 4.1021 7 6
1.12518 0.207465 2.97818 7 6 5
-0.800911 0.246317 3.80344 7 6 2 2
1.11952 0.113256 2.97126 7 6
1.11684 0.120967 2.9662 7 6
1.06542 0.0570385 3.02797 7 6 5
0.796807 -0.0599463 3.55577 7 6
0.902725 -0.367878 3.25152 7 6 5
1.03039 -0.312673 3.10588 7 6
0.858517 -0.0944211 3.11907 7 6
0.840791 0.117367 3.07467 7 6
-0.228484 -0.463498 4.10087 7 6 5 2 1
1.08387 0.038089 3.00555 7 6
-1.00267 0.276856 3.81617 7 6 5
0.00324241 -0.632146 4.13789 7 6
1.10828 0.125024 2.97027 7 6
-1.2067 0.365701 3.35716 7 6
-0.43198 -0.58546 4.25203 7 6 5 2 1 0
0.439354 -0.0981214 3.68443 7 6 5
-1.12596 -0.0552914 3.43971 7 6 5 2
-0.15094 0.605449 3.5912 7 6
0.475926 0.0668674 3.66047 7 6
0.935205 0.177973 3.01121 7 6
-0.576415 0.206446 3.7698 7 6 3
-1.12894 0.369413 3.37077 7 6 5 2
-1.16031 0.481043 3.35269 7 6 5 2 1 0
1.05481 -0.64632 3.41622 5 6
1.05577 -0.674522 3.4207 5 6
1.05317 -0.759035 3.43981 5 6
1.0498 -0.723321 3.43432 5 6
-1.78064 0.791758 3.73715 5 6
-1.78058 0.786473 3.7437 5 6
0.922026 0.257006 3.02474 5 6
0.858711 0.16765 3.06052 5 6
0.925709 -0.195173 3.29295 5 6 3
0.891304 -0.366407 3.24801 5 6
1.13968 -0.673594 3.90893 5 6
1.0856 -0.6551 3.87517 5 6
1.08792 -0.612442 3.88231 5 6
-1.70024 0.727673 3.71169 5 6
-1.51168 -0.110398 3.51592 5 6
-1.51311 -0.0762141 3.53111 5 6
-1.50128 -0.17594 3.54773 5 6 1
0.942262 -0.660014 3.9407 5 6
0.922685 -0.52117 3.90091 5 6
0.920358 -0.545266 3.89577 5 6
-1.42773 0.365736 3.42638 5 6 1
-1.4733 -0.235129 3.59022 5 6
0.802191 -0.435616 3.89374 5 6
0.800469 -0.446189 3.90752 5 6
0.754651 -0.614314 4.05359 5 6
0.753141 -0.62218 4.06203 5 6
0.754268 -0.713164 4.09118 5 6
0.737391 -0.674203 4.08089 5 6
0.555913 -0.230446 3.64806 5 6
0.633765 -0.580305 4.06031 5 6
0.629737 -0.583553 4.05295 5 6
0.616085 -0.602052 4.08163 5 6
-1.41249 -0.32149 3.62465 5 6 2
0.441989 -0.116516 3.65718 5 6
0.504021 -0.604009 4.09863 5 6
-1.32042 0.389824 3.42054 5 6 2 1
0.416892 -0.616425 4.12145 5 6 1
0.319191 0.535247 3.64779 5 6
0.306342 -0.23225 3.69667 5 6
-1.27258 0.459823 3.39033 5 6 1
0.349544 0.625555 4.25596 5 6
1.14902 -0.0390127 3.06178 5 6
-1.25641 -0.543112 3.74839 5 6 3 2
0.110168 -0.594223 4.10254 5 6
0.0586083 -0.147346 3.64718 5 6
-1.24571 -0.634166 3.80413 5 6 3 2
1.21138 -0.184814 3.07124 5 6
-1.13684 0.237334 3.39573 5 6 2 0
-1.22927 -0.752348 3.83564 5 6 3 2
-1.13575 0.0917894 3.42435 5 6 2 1
0.0259021 -0.975599 4.28074 5 6 3 2 1 0
-1.22588 -0.741519 3.83419 5 6 3 2
0.00809654 -0.607401 4.08677 5 6 2 1
0.0220739 -0.917205 4.25832 5 6 2 1 0
0.0236723 -0.967597 4.28481 5 6 2 1 0
-1.12843 0.0570844 3.43014 5 6 2
0.00895759 -0.754485 4.27847 5 6
-1.12751 -0.0441751 3.44939 5 6 2 1
1.21254 -0.0853416 3.05003 5 6
-1.12839 -0.0849078 3.45914 5 6 1
-0.0122866 -0.847084 4.22705 5 6
-0.0229907 -0.833741 4.23743 5 6 2 1 0
-0.0262343 -0.838136 4.24126 5 6 1
-0.0921335 -0.373939 3.70672 5 6 2
1.20166 0.249838 2.99099 5 6
1.22754 -0.145111 3.0425 5 6
1.2285 -0.158968 3.04104 5 6
-0.15876 -0.159921 3.67542 5 6 3 2
1.25093 -0.174258 3.08337 5 6 0
1.2535 -0.168504 3.08054 5 6 0
-0.228772 0.62583 3.43841 5 6
-0.230817 -0.571336 4.11895 5 6
-0.304921 -0.139668 3.71732 5 6 3
-0.412272 -0.603468 4.2556 5 6
-0.468091 -0.230056 3.83426 5 6 3
-0.603679 -0.603398 4.29856 5 6
-0.719346 -0.660845 4.34531 5 6
-0.72392 -0.729578 4.3625 5 6
-0.735877 -0.646113 4.32168 5 6 2
-0.743814 -0.620853 4.31178 5 6 2 1
-1.11041 -0.650153 4.26106 5 6
-1.1022 -0.633429 4.2345 5 6 2
-1.00837 0.348506 3.76173 5 6
-1.11986 -0.566198 4.55715 5 6
1.34508 0.214723 2.89181 5 6
-1.26931 0.66116 3.33725 5 6
0.307484 -0.0599505 3.63662 5 6
0.931181 -0.189373 3.11917 5 6
0.305715 -0.227069 3.68948 5 6
-0.960835 -0.494654 4.21457 5 6 1
0.872663 0.375413 3.00826 5 6
0.911838 0.505689 2.99768 5 6
0.914402 0.456727 3.00443 5 6
0.286827 -0.0598676 3.64547 5 6
-0.889802 -0.242073 3.91182 5 6 3 2 1
0.347033 -0.104203 3.66727 5 6
0.347099 -0.0652086 3.63732 5 6
0.854987 -0.0345633 3.0996 5 6
1.08043 0.357779 2.99064 5 6
1.07762 0.365299 2.98741 5 6
-1.22968 0.120409 3.43712 5 6 2 1
1.07971 0.320224 2.99698 5 6
-0.996789 0.656227 3.7409 5 6 3
0.378053 -0.0560841 3.62919 5 6
0.844638 -0.116118 3.11227 5 6
-0.767153 -0.138611 3.89205 5 6
0.239159 -0.160498 3.69881 5 6
0.300266 -0.583879 4.08867 5 6
-0.750064 0.045052 3.82817 5 6 3 1
-1.23243 -0.181982 3.49508 5 6 2 1
0.801952 0.167614 3.04629 5 6
0.297075 -0.590961 4.13867 5 6
0.224985 -0.103275 3.68181 5 6
0.49318 -0.587591 4.09451 5 6
0.498257 -0.585952 4.08205 5 6
-0.721076 -0.288165 4.03098 5 6 3 1
-0.705808 -0.132186 3.86614 5 6 3 2 1
0.202931 -0.0592185 3.66228 5 6
-1.23302 -0.247748 3.51988 5 6 2 1
1.14342 0.0999027 3.03547 5 6
-1.21031 0.0546029 3.44718 5 6 2 1
-0.656186 -0.0854045 3.813 5 6 1
-0.654558 -0.227322 3.87584 5 6
-0.617882 0.0696142 3.79746 5 6 3
-0.609369 0.000347394 3.80274 5 6 3 2
-1.19904 0.171926 3.42209 5 6 1
0.20852 -0.572605 4.042 5 6
-0.614532 -0.582511 4.27712 5 6 2 1 0
-0.576484 0.24 3.76053 5 6 3 2 1 0
-1.19891 0.0926304 3.43821 5 6 0
0.96148 0.377938 3.02103 5 6
-0.550982 0.237091 3.75467 5 6 3 1 0
-1.19799 0.0446783 3.44629 5 6 0
-0.489112 -0.290714 3.99392 5 6 3 2 1 0
0.820553 0.711215 3.41677 5 6
-0.360082 -0.576194 4.22997 5 6 2 0
-0.359022 -0.586245 4.23888 5 6 1
-1.3814 -0.012791 3.49734 5 6
-1.37769 0.0203571 3.48525 5 6 2 1
0.549204 -0.226029 3.64689 5 6
-1.46939 0.284117 3.45119 5 6 1
-0.299085 -0.0826296 3.65392 5 6 2 1
-1.15869 0.262266 3.39736 5 6 1
-0.262851 -0.135845 3.6932 5 6
-1.38043 0.0143266 3.4863 5 6 1 1
-0.262521 -0.0859603 3.64636 5 6 3
-1.38003 0.0705368 3.47863 5 6
-0.233418 -0.509803 4.11022 5 6 2 1
-0.228582 -0.485825 4.09679 5 6
-0.227203 -0.575367 4.12187 5 6 1
0.0689202 -0.593595 4.05499 5 6
-0.215532 -0.663366 4.13342 5 6
-1.42788 0.465504 3.40768 5 6 1
-0.16192 -0.169436 3.67773 5 6 3 2
0.996343 0.362254 3.02167 5 6
-1.39359 0.175211 3.46014 5 6 2 1 0
-0.024175 -0.0990461 3.60206 5 6 2
-1.14355 -0.104109 3.4567 5 6 1
-0.115948 0.445554 3.56579 5 6 0
0.747037 -0.590939 4.0795 5 6
-1.42185 0.121774 3.47417 5 6
-1.13825 -0.00174342 3.44338 5 6
-0.135666 0.709219 3.11052 5 6 3 0
-1.41826 -0.168556 3.46765 5 6
-1.39756 0.43931 3.40777 5 6 1
-1.38647 0.559295 3.37886 5 6
-1.14029 -0.347864 3.60979 5 6
-1.10623 -0.170573 3.4424 5 6 2 1
-1.12125 0.149881 3.40923 5 6 2 1 0
1.00706 0.448121 3.00612 5 6
-0.0123819 -0.611688 4.09598 5 6
-0.0706501 -0.332633 3.68617 5 6 2
-1.11613 -0.0465805 3.44683 5 6 2 1
0.438258 -0.0567708 3.61591 5 6
0.772557 0.199862 3.049 5 6
0.400495 0.00184598 3.63656 5 6
-0.764266 0.262582 3.78128 5 6
-1.07418 0.623051 3.32256 5 6
0.348268 -0.585427 4.12212 3 5 2 0
0.395534 -0.607297 4.12644 3 5
0.277189 -0.231908 3.71091 3 5 0
0.215806 -0.341961 3.89335 3 5
0.127826 -0.14608 3.64545 3 5 0
0.075813 -0.11394 3.59266 3 5
0.50985 -0.584418 4.0957 3 5 0
0.20616 -0.721808 4.089 3 5 2 0
-1.51696 0.221844 3.46729 3 5
-1.53316 -0.165037 3.52121 3 5 2
-1.51306 0.282716 3.4595 3 5
0.0432971 -0.578997 4.05332 3 5 2 1 0
0.748199 -0.731337 4.10347 3 5
0.75072 -0.727405 4.09879 3 5
0.745986 -0.62782 4.08138 3 5 0
0.649841 -0.321308 3.81961 3 5
0.575325 -0.232074 3.66247 3 5
-0.0853263 -0.363772 3.70823 3 5 2
-0.0904922 -0.390883 3.70893 3 5 2
0.593067 -0.117064 3.64953 3 5 0
0.776988 -0.568768 3.99683 3 5
0.0379116 -0.926993 4.26678 3 5
0.0129891 -0.75309 4.24102 3 5
-0.0151754 -0.840952 4.22492 3 5 2 1
-0.0379725 -0.72049 4.22403 3 5
-1.33592 0.398572 3.42269 3 5 3 2
-1.33557 0.341431 3.43397 3 5 2 1
-1.32547 0.554242 3.39134 3 5 1 0
1.36963 0.0349476 2.95152 3 5
-0.0872526 -0.579416 4.07781 3 5 2
-1.32308 0.3577 3.42845 3 5 2
-1.29884 0.529697 3.3757 3 5
0.91476 -0.664407 3.94471 3 5
-1.32538 -0.487707 3.71866 3 5 2
-0.268654 -0.0775626 3.65103 3 5 1
-1.27386 0.554426 3.38251 3 5 0
0.927469 -0.651293 3.94494 3 5 0
-1.27143 0.356586 3.41411 3 5 0
0.925748 -0.570223 3.92157 3 5
-0.240845 -0.4569 4.09465 3 5 2 1 0
-1.26334 -0.169611 3.46838 3 5 1
-1.26068 -0.54105 3.74451 3 5 2
0.968406 -0.674264 3.93843 3 5 0
0.960396 -0.444247 3.88942 3 5
-0.271788 -0.59231 4.2275 3 5 1 0
-1.23317 -0.540869 3.73799 3 5 2
0.84912 0.259487 3.53109 3 5 0
-1.20495 0.17702 3.42543 3 5 2 1 0
-1.23061 -0.703223 3.81752 3 5 2
-1.22325 -0.541095 3.73567 3 5 2
1.07817 -0.668349 3.90859 3 5
-0.49195 -0.593381 4.26206 3 5 1
1.16488 -0.67694 3.91326 3 5
-0.591783 -0.102617 3.84086 3 5 2 1
-0.539483 -0.600856 4.27706 3 5 2
-1.16855 0.173351 3.41628 3 5 1 0
0.777329 0.168296 3.06686 3 5
1.05538 -0.761452 3.46792 3 5
-0.735268 -0.619422 4.31113 3 5 2 1
1.05983 -0.751483 3.46474 3 5
1.07035 -0.631533 3.4234 3 5
1.08015 -0.624428 3.43574 3 5 0
0.738359 -0.175352 2.91904 3 5
1.07114 -0.613774 3.41584 3 5
-0.878903 -0.252497 3.90372 3 5 2
-1.10354 0.168878 3.37648 3 5 2 1
1.25788 -0.163 3.08143 3 5 0
1.21747 0.256553 3.01364 3 5
1.02025 0.406102 3.03692 3 5
1.03493 0.390119 3.04145 3 5
1.13294 0.0116162 3.07832 3 5
-0.999309 0.265231 3.82079 3 5
1.23273 -0.0715787 3.0949 3 5 0
1.22355 -0.186903 3.10501 3 5
1.2238 -0.109374 3.08781 3 5
1.22628 -0.193405 3.10786 3 5
1.21732 -0.178162 3.10108 3 5
1.22371 -0.0672081 3.08088 3 5
1.17199 0.122 3.06934 3 5 0
1.16672 0.0809314 3.06268 3 5
1.13811 0.213958 3.05623 3 5 0
1.10161 0.320214 3.04186 3 5 0
0.337966 -0.586267 4.12516 3 5 2 1
1.09745 0.122178 3.06058 3 5
-0.954563 -0.0120185 3.86867 3 5 2
0.443209 -0.589025 4.10692 3 5 1
-0.939971 -0.105488 3.89432 3 5 2
0.471037 -0.583343 4.10036 3 5 0
-0.878612 -0.220692 3.90788 3 5 2 1
0.937327 0.0106215 3.10881 3 5
-1.14155 -0.0275737 2.6481 3 5
-1.12211 0.0173883 3.43443 3 5 2 1 0
-1.12192 0.033134 3.42977 3 5
0.923272 -0.107412 3.13298 3 5
0.910166 -0.129086 3.13634 3 5
0.881196 0.131762 3.09148 3 5
0.883475 -0.00885018 3.1146 3 5
0.874908 -0.012341 3.1186 3 5
0.0731737 -0.116692 3.5986 3 5
-1.12681 0.257545 3.39092 3 5 1
-1.13296 0.0726904 3.42667 3 5 2 1 0
-0.79577 0.000427343 3.84672 3 5 1 0
-1.13201 0.173789 3.40641 3 5 2 1 0
0.848551 0.102634 3.09986 3 5
0.848067 0.0344073 3.12421 3 5 0
0.85638 -0.125363 3.14524 3 5
0.828937 0.0955964 3.10233 3 5
-1.13731 0.307271 3.38343 3 5 1 0
0.200146 -0.473252 4.03141 3 5 1
0.195795 -0.574559 4.05073 3 5 2 1
-0.738169 -0.100409 3.86557 3 5 2
-0.734895 0.356683 3.75464 3 5 1
0.538593 -0.605384 4.09775 3 5
0.191382 -0.565626 4.0569 3 5 2
0.184759 -0.471832 4.03453 3 5
-1.14737 0.285433 3.39143 3 5 1
-1.15369 0.127832 3.42095 3 5 2 1 0
0.45043 -0.293785 3.84167 3 5
0.373411 -0.0601743 3.64204 3 5
-1.15665 0.358354 3.38122 3 5 2
-0.635216 -0.227496 3.86485 3 5 1
0.37249 0.242529 3.60514 3 5
-1.1681 0.223313 3.407 3 5 2
-0.601165 -0.160993 3.8523 3 5 2 1 0
0.407467 -0.164114 3.693 3 5
0.382996 -0.0937927 3.63285 3 5
-0.532215 0.221825 4.02277 3 5
-0.568262 -0.00138361 3.81106 3 5 2 1
-0.564689 0.263152 3.7544 3 5 1 0
-1.19144 0.153114 3.42574 3 5 2 1
-0.490568 -0.584337 4.2562 3 5
-1.19092 0.285687 3.39877 3 5 1 0
-0.504356 -0.290084 3.99168 3 5 2
1.11761 -0.566439 3.88906 3 5
-0.520921 -0.000476812 3.8052 3 5 2 1
0.361028 -0.0586377 3.47454 3 5
0.47 -0.241704 3.68577 3 5
0.643471 -0.586788 4.07405 3 5
-0.38578 -0.580707 4.23786 3 5 2 1 0
0.827637 0.657265 3.44612 3 5
0.485709 -0.226882 3.67708 3 5 0
-0.435436 -0.0902254 3.77587 3 5
0.4844 -0.231171 3.67524 3 5
-1.20305 0.439658 3.37056 3 5 2 1
0.504668 -0.226931 3.6767 3 5 0
-0.365423 0.00439014 3.76641 3 5 1
-0.317991 -0.293959 3.96821 3 5 2 1
-1.21513 0.401723 3.38194 3 5 2 1
-0.300239 -0.340114 3.97181 3 5 2 1 0
-1.24375 -0.311117 3.51851 3 5 2 1
-1.22884 0.164111 3.42711 3 5 1
-0.0630067 0.598972 3.53208 3 5
-0.242857 -0.451963 4.09482 3 5 2 1 0
0.0611924 -0.595242 4.06589 3 5
-0.226415 -0.713473 4.14047 3 5 2
-0.22734 -0.524837 4.10941 3 5 2 1 0
-0.0553113 -0.335423 3.68677 3 5 2 0
-0.218027 -0.604074 4.12543 3 5 2 1 0
0.0581421 -0.612661 4.08466 3 5 2
-1.30098 -0.30993 3.52859 3 5 1
-0.286325 -0.084106 3.64962 3 5 3 2
-0.28494 -0.0752507 3.65443 3 5 2 1
-1.31202 -0.169666 3.47659 3 5 2
-0.2721 0.269537 3.55249 3 5
-0.0880029 0.439533 3.56401 3 5 0
-0.256271 -0.109896 3.65098 3 5
-1.33332 -0.16944 3.48133 3 5 2
-0.0800385 -0.605783 4.10136 3 5 2
-0.168978 -0.174477 3.67917 3 5 2 0
-0.165167 -0.171944 3.67832 3 5 2 0
-1.38018 0.11753 3.46665 3 5 2
-0.100093 -0.270194 3.68133 3 5 2
-1.42533 0.423357 3.41262 3 5 1
-1.3904 0.177609 3.46283 3 5 2 1 0
-0.101726 -0.265406 3.67955 3 5 0
-1.41555 0.470917 3.40323 3 5
-1.38368 0.464221 3.3958 3 5
0.598135 -0.119133 3.64951 3 5 0
0.608989 0.258723 3.56672 3 5
0.10999 -0.0921127 4.4514 3 5
0.634735 -0.144708 3.65175 3 5
-0.138536 0.62081 3.53846 3 5 0
-1.42788 -0.071738 3.49909 3 5 2 2 1
-0.367196 -0.585483 4.23798 3 5 2 1
-1.38539 0.351784 3.42148 3 5 2 1
1.02814 0.0549385 3.0977 3 5
-0.0791695 0.445448 3.56082 3 5 0
1.11393 0.10174 3.06754 3 5
-0.438588 0.135484 3.78999 3 5 1
0.642455 0.670569 3.47036 3 5
0.972922 0.390467 3.00918 2 5 2
0.380418 -0.58575 4.11961 2 5
0.584101 -0.588158 4.08296 2 5
0.878431 0.168377 3.052 2 5
1.15584 -0.657764 3.90709 2 5 2 0
1.10044 0.0119774 3.05017 2 5
1.15668 -0.675454 3.90807 2 5
0.855129 0.347781 3.06514 2 5 0
1.15213 -0.673112 3.90808 2 5
0.748594 -0.738251 4.1056 2 5
-0.112485 0.628792 3.53284 2 5 0
-0.0876315 -0.384648 3.7054 2 5 0
1.06329 -0.637047 3.41329 2 5
-1.3129 0.741711 3.35336 2 5
0.0140463 -0.95941 4.28359 2 5 1 0
-1.27298 0.503767 3.38446 2 5 1
-1.27307 0.417028 3.40285 2 5 1 0
-0.279215 0.646854 3.40508 2 5
-0.28316 0.645973 3.40532 2 5
-1.22897 -0.679995 3.80835 2 5
1.08849 -0.670386 3.91654 2 5 0
1.04614 -0.740232 3.44794 2 5
-1.13659 0.228446 3.39741 2 5
-1.13433 0.123247 3.41699 2 5 1
-1.12521 0.151591 3.40882 2 5 1 0 0
-0.483317 -0.335514 4.00277 2 5 0
-0.967096 -0.493601 4.21083 2 5
-0.735158 -0.332609 4.0444 2 5 1 0
-0.802026 0.247085 3.79861 2 5 1 0
-0.757337 0.245296 3.78884 2 5 0
0.590446 -0.588763 4.08412 2 5
-0.00882189 -0.148703 3.64723 2 5 0
-1.43454 0.573781 3.39002 2 5 0
0.531466 -0.0621903 3.7614 2 5
-1.39873 0.393637 3.4214 2 5 1 0
1.11043 0.290757 2.9883 2 5
-1.38576 0.258103 3.43132 2 5
-0.266644 -0.588639 4.22522 2 5 1
-1.38152 0.103631 3.47186 2 5 1 0
-0.233231 -0.71378 4.14198 2 5
-1.21093 0.0198875 3.45136 2 5 1
-0.297931 0.270816 3.60405 2 5
0.796824 0.79742 3.37206 2 5
0.216069 -0.47 4.03283 2 5
1.09897 0.0322628 3.04942 2 5
0.843012 -0.0617013 3.10558 2 5
-1.41121 0.127016 3.47713 2 5 1 0 0
0.214416 -0.292781 3.87764 1 5
-1.4052 0.0864069 3.4787 1 5
0.221009 -0.745412 4.10716 1 5
-1.27262 0.473849 3.33112 1 5
-1.22162 -0.698898 3.82409 1 5
-1.21403 0.458496 3.36908 1 5
-1.21301 0.117909 3.43332 1 5
-1.17092 0.368012 3.37787 1 5 0
-0.11094 0.455496 3.56798 1 5
-0.126215 0.595054 3.54298 1 5 0
-1.1471 0.152869 3.41451 1 5 0
-1.1377 -0.0877309 3.46249 1 5 0
-1.12842 0.124306 3.41452 1 5 0
-0.13372 0.431047 3.5746 1 5
-0.000600751 -0.834643 4.21451 1 5
0.0232665 -0.98974 4.28725 1 5 0
-0.273694 -0.0768462 3.64814 1 5
-0.63381 -0.22321 3.86121 1 5 0
0.61353 0.189512 3.57341 1 5
0.566431 0.672531 3.47812 1 5
1.07896 0.142926 3.04148 1 5
0.757907 -0.161217 3.12324 1 5
-0.296002 -0.591375 4.22534 1 5
1.15309 0.251312 3.0125 1 5
-0.705468 -0.222337 3.87026 1 5
0.773669 0.163779 3.05926 1 5
-0.151596 0.426121 3.43958 0 5
1.08757 -0.663351 3.91926 0 5
-1.1145 -0.0446502 3.44663 0 5
-0.795441 0.044752 3.8379 0 5
